Random Forest 50
Train accuracy: 1.00, Test accuracy: 0.85
[[  0   0   0   0   0   0   0   0   0   0   0   0   0   0   0   0   0   0
    0   0   0   1]
 [  0  13   0   0   0   0   0   0   0   0   0   0   0   0   0   0   0   0
    0   0   0   2]
 [  0   0   7   2   0   0   0   0   0   0   0   0   1   0   0   0   0   0
    0   0   0   0]
 [  0   0   0 297   1   0   0   5  10   0   0   0   0   0   0   1   0   1
    2   0   0   0]
 [  0   0   0   5   6   0   0   0   0   0   0   0   0   0   0   0   0   0
    0   0   0   0]
 [  0   0   0   0   0  70   1   5   4   0   0   0   1   0   0   0   0   0
    0   0   0   0]
 [  0   0   0   3   0   0  45   0   0   0   0   0   0   0   0   0   0   1
    0   0   0   0]
 [  0   0   0   3   0   2   0 117   4   0   0   0   0   0   0   0   0   0
    1   0   0   0]
 [  0   0   0  24   0   6   0   1  27   7   6   0   0   0   0   0   1   0
    0   0   0   0]
 [  0   0   0   3   0   1   0   0   0  81   8   0   1   1   0   0   0   0
    0   0   0   0]
 [  0   0   0   0   0   0   0   0   0  13  76   0   0   0   0   0   0   0
    0   0   0   0]
 [  0   0   0   2   0   0   0   0   0   0   0   3   0   0   0   0   2   0
    0   0   0   0]
 [  0   0   0   1   0   2   0   0   1   1   3   0  10   0   1   0   3   4
    0   0   0   1]
 [  0   0   0   0   0   0   0   1   0   0   0   1   0   3   0   0   0   0
    0   0   0   0]
 [  0   0   0   0   0   0   0   0   0   0   0   0   0   0  81   0   0   0
    0   0   0   0]
 [  0   0   0  12   0   0   0   2   0   0   0   0   0   0   0   2   0   0
    0   0   0   0]
 [  0   0   0   0   0   1   0   0   0   1   0   0   1   0   0   0  74   0
    0   0   0   0]
 [  0   0   0   1   0   0   1   0   0   0   0   0   0   0   0   0   0  46
    0   0   0   0]
 [  0   0   0   1   0   0   0   0   0   0   0   1   0   0   0   0   0   0
   15   0   0   0]
 [  0   0   0   0   0   0   0   0   0   0   0   0   0   0   0   0   0   0
    0  25   0   0]
 [  0   0   0   1   0   0   0   0   0   0   0   0   0   0   0   0   0   0
    0   0   1   2]
 [  0   0   0   1   0   0   0   0   0   0   0   0   0   0   0   0   0   1
    0   0   1  23]]
                     precision    recall  f1-score   support

          1080Lines       0.00      0.00      0.00         1
        1400Ripples       1.00      0.87      0.93        15
     Air_Compressor       1.00      0.70      0.82        10
               Blip       0.83      0.94      0.88       317
              Chirp       0.86      0.55      0.67        11
     Extremely_Loud       0.85      0.86      0.86        81
              Helix       0.96      0.92      0.94        49
           Koi_Fish       0.89      0.92      0.91       127
   Light_Modulation       0.59      0.38      0.46        72
Low_Frequency_Burst       0.79      0.85      0.82        95
Low_Frequency_Lines       0.82      0.85      0.84        89
          No_Glitch       0.60      0.43      0.50         7
  None_of_the_Above       0.71      0.37      0.49        27
       Paired_Doves       0.75      0.60      0.67         5
         Power_Line       0.99      1.00      0.99        81
    Repeating_Blips       0.67      0.12      0.21        16
    Scattered_Light       0.93      0.96      0.94        77
           Scratchy       0.87      0.96      0.91        48
              Tomte       0.83      0.88      0.86        17
        Violin_Mode       1.00      1.00      1.00        25
     Wandering_Line       0.50      0.25      0.33         4
            Whistle       0.79      0.88      0.84        26

           accuracy                           0.85      1200
          macro avg       0.78      0.70      0.72      1200
       weighted avg       0.84      0.85      0.84      1200

Random Forest 150
Train accuracy: 1.00, Test accuracy: 0.86
[[  0   0   0   0   0   0   0   0   0   0   0   0   0   0   0   0   0   0
    0   0   0   1]
 [  0  14   0   0   0   0   0   0   0   0   0   0   0   0   0   0   0   0
    0   0   0   1]
 [  0   0   8   2   0   0   0   0   0   0   0   0   0   0   0   0   0   0
    0   0   0   0]
 [  0   0   0 299   1   0   0   5   8   0   0   0   0   0   0   1   0   1
    2   0   0   0]
 [  0   0   0   4   7   0   0   0   0   0   0   0   0   0   0   0   0   0
    0   0   0   0]
 [  0   0   0   0   0  71   1   5   4   0   0   0   0   0   0   0   0   0
    0   0   0   0]
 [  0   0   0   3   0   0  45   0   0   0   0   0   0   0   0   0   0   1
    0   0   0   0]
 [  0   0   0   4   0   2   0 114   6   0   0   0   0   0   0   0   0   0
    1   0   0   0]
 [  0   0   0  23   0   4   0   3  28   7   6   0   0   0   0   0   1   0
    0   0   0   0]
 [  0   0   0   3   0   0   0   0   0  82   8   0   1   1   0   0   0   0
    0   0   0   0]
 [  0   0   0   0   0   0   0   0   0  13  76   0   0   0   0   0   0   0
    0   0   0   0]
 [  0   0   0   2   0   0   0   0   0   0   0   2   0   0   0   0   2   0
    1   0   0   0]
 [  0   0   2   0   0   2   0   0   1   1   3   0   9   0   1   0   3   4
    0   0   0   1]
 [  0   0   0   0   0   0   0   1   0   0   0   1   0   3   0   0   0   0
    0   0   0   0]
 [  0   0   0   0   0   0   0   0   0   0   0   0   0   0  81   0   0   0
    0   0   0   0]
 [  0   0   0  12   0   0   0   3   0   0   0   0   0   0   0   1   0   0
    0   0   0   0]
 [  0   0   0   0   0   0   0   0   0   1   0   0   0   0   0   0  76   0
    0   0   0   0]
 [  0   0   0   1   0   0   0   0   0   0   0   0   0   0   0   0   0  47
    0   0   0   0]
 [  0   0   0   1   0   0   0   0   0   0   0   1   0   0   0   0   0   0
   15   0   0   0]
 [  0   0   0   0   0   0   0   0   0   0   0   0   0   0   0   0   0   0
    0  25   0   0]
 [  0   0   0   1   0   0   0   0   0   0   0   0   0   0   0   0   0   0
    0   0   2   1]
 [  0   0   0   1   0   0   0   0   0   0   0   0   0   0   0   0   0   1
    0   0   1  23]]
                     precision    recall  f1-score   support

          1080Lines       0.00      0.00      0.00         1
        1400Ripples       1.00      0.93      0.97        15
     Air_Compressor       0.80      0.80      0.80        10
               Blip       0.84      0.94      0.89       317
              Chirp       0.88      0.64      0.74        11
     Extremely_Loud       0.90      0.88      0.89        81
              Helix       0.98      0.92      0.95        49
           Koi_Fish       0.87      0.90      0.88       127
   Light_Modulation       0.60      0.39      0.47        72
Low_Frequency_Burst       0.79      0.86      0.82        95
Low_Frequency_Lines       0.82      0.85      0.84        89
          No_Glitch       0.50      0.29      0.36         7
  None_of_the_Above       0.90      0.33      0.49        27
       Paired_Doves       0.75      0.60      0.67         5
         Power_Line       0.99      1.00      0.99        81
    Repeating_Blips       0.50      0.06      0.11        16
    Scattered_Light       0.93      0.99      0.96        77
           Scratchy       0.87      0.98      0.92        48
              Tomte       0.79      0.88      0.83        17
        Violin_Mode       1.00      1.00      1.00        25
     Wandering_Line       0.67      0.50      0.57         4
            Whistle       0.85      0.88      0.87        26

           accuracy                           0.86      1200
          macro avg       0.78      0.71      0.73      1200
       weighted avg       0.85      0.86      0.84      1200
